1 125 0.01 100
2.0000
279.8490 29.9515 215.6802 
2.2900 -0.1466 1.6480 
8.0000
239.9251 -116.1099 211.9195 
1.8134 -1.1830 1.6013 
1.0000
45.4597 -1.3461 29.9763 
1.7585 -0.3637 0.8115 
8.0000
7.3669 9.5831 32.8565 
-1.4848 1.0523 -4.1369 
6.0000
-69.7586 185.7006 151.7345 
-1.1432 1.5644 1.3954 
8.0000
15.6576 17.3376 25.2693 
-0.2526 0.1260 0.3436 
2.0000
-13.1200 111.6383 -167.3051 
-0.3675 0.4097 -1.2265 
4.0000
1243.1460 366.6394 -610.6179 
18.6169 5.3112 -9.6257 
7.0000
15.6576 17.3376 25.2693 
-0.2526 0.1258 0.3438 
2.0000
15.6576 17.3376 25.2693 
-0.2522 0.1261 0.3439 
6.0000
12.2975 268.1405 193.3599 
-0.1630 4.1315 2.8201 
5.0000
89.0900 -45.0950 -407.8950 
1.0105 -0.8950 -6.3042 
6.0000
228.5729 75.7267 -65.9705 
2.5432 0.7304 -1.0214 
8.0000
438.4937 538.6238 775.7665 
6.9334 8.6281 12.4357 
6.0000
15.6576 17.3376 25.2693 
-0.2526 0.1257 0.3437 
5.0000
461.1694 -64.7717 227.9289 
4.3907 -0.9031 2.0377 
7.0000
141.8534 -71.4511 122.6294 
0.5974 -0.3788 0.5153 
1.0000
853.4470 -65.8632 -320.6060 
12.5477 -1.2636 -5.1570 
8.0000
15.6576 17.3376 25.2693 
-0.2525 0.1261 0.3437 
2.0000
-1.2347 10.8733 28.9111 
3.6239 0.4601 2.3180 
9.0000
15.6576 17.3376 25.2693 
-0.2524 0.1260 0.3437 
9.0000
15.6576 17.3376 25.2693 
-0.2524 0.1260 0.3436 
7.0000
588.2910 -484.9132 99.0386 
8.5032 -7.5289 1.1924 
7.0000
-114.3537 -70.0681 116.0355 
-2.0200 -0.9798 1.1354 
9.0000
-138.6883 -40.7122 323.0664 
-1.3867 -0.5555 2.7431 
9.0000
15.6346 17.2949 25.2252 
-0.2541 0.2020 0.7498 
9.0000
329.8976 -87.9609 95.2271 
2.6665 -1.0799 0.7784 
5.0000
15.6576 17.3376 25.2693 
-0.2523 0.1260 0.3442 
2.0000
23.0988 7.8696 29.4558 
2.0221 4.5517 -0.0518 
2.0000
-326.7245 -160.6889 -90.9437 
-5.2842 -2.7141 -1.7040 
6.0000
15.6576 17.3376 25.2693 
-0.2523 0.1262 0.3436 
1.0000
591.9097 69.1330 207.8848 
5.8926 0.3836 1.9261 
1.0000
161.9697 -103.5207 294.5162 
1.7975 -1.5647 3.4356 
4.0000
1030.6323 -819.5552 -1152.2195 
14.4221 -11.9547 -16.7210 
6.0000
345.6480 -517.2359 -776.8346 
4.6795 -7.7037 -11.4666 
4.0000
15.6576 17.3376 25.2693 
-0.2525 0.1263 0.3433 
2.0000
29.0976 294.0099 -942.5145 
0.1362 4.4051 -15.4255 
8.0000
15.6576 17.3376 25.2693 
-0.2526 0.1261 0.3437 
5.0000
15.6576 17.3376 25.2693 
-0.2526 0.1261 0.3435 
8.0000
10.5428 15.3249 23.6944 
-2.4268 -1.8342 2.3052 
7.0000
133.8276 1033.1029 -670.2623 
1.8830 16.7776 -11.4965 
1.0000
-8.8034 -213.0805 598.3117 
-0.3497 -2.3025 6.0206 
1.0000
18.1416 -13.3600 -17.5066 
-0.7107 -1.2213 -1.3884 
3.0000
-145.8556 25.2052 -27.8501 
-2.3051 0.4570 -0.7169 
6.0000
-34.1483 -69.0528 -200.8256 
-0.9058 -1.2395 -3.4451 
5.0000
17.2915 17.8630 28.8889 
-1.7378 7.1909 2.0431 
6.0000
-1760.3540 162.3611 -67.8539 
-25.6988 2.0764 -1.2680 
3.0000
24.1222 26.2445 23.8410 
-2.1683 1.8189 -5.1745 
3.0000
-122.9760 95.8274 86.8150 
-1.1655 0.6022 0.6197 
4.0000
87.2805 -10.5244 607.3188 
0.7280 -0.3015 6.0698 
3.0000
-59.8729 -188.3373 79.1547 
-5.3715 -14.1584 3.7686 
2.0000
12.2643 47.2398 34.2203 
1.2355 0.8984 0.6968 
2.0000
298.4095 131.1778 1174.3813 
3.8507 1.5395 15.9227 
9.0000
73.7454 50.7164 -7.5850 
17.4548 9.9610 -9.8731 
9.0000
14.8216 16.5565 25.0654 
5.2823 -8.7990 -5.2268 
1.0000
48.9796 -143.4941 -560.4610 
1.0035 -5.2180 -18.9245 
6.0000
-43.4635 664.0303 487.1073 
-0.8793 9.0614 6.5688 
6.0000
15.6576 17.3376 25.2693 
-0.2526 0.1260 0.3438 
5.0000
23.5549 22.3766 28.2536 
-3.3950 -0.9241 2.8059 
5.0000
-1.0673 90.1115 159.6301 
-0.3988 0.5378 1.0907 
7.0000
6.7630 9.4490 46.0522 
0.1086 -1.5253 2.7236 
1.0000
43.8918 303.1034 -153.7231 
0.2331 3.3138 -2.1414 
6.0000
783.0409 -58.8510 -332.2469 
19.0358 -1.8411 -8.8727 
7.0000
15.6576 17.3376 25.2693 
-0.2530 0.1256 0.3436 
3.0000
1.8768 3.2905 12.0920 
2.8874 0.6127 -1.7317 
9.0000
15.6576 17.3376 25.2693 
-0.2525 0.1261 0.3439 
8.0000
-65.9120 -76.9639 -987.0192 
-1.3188 -1.4420 -15.4785 
4.0000
306.2498 1381.4899 110.7222 
4.5220 21.5822 1.3897 
5.0000
15.6576 17.3376 25.2693 
-0.2529 0.1262 0.3442 
3.0000
15.6576 17.3376 25.2693 
-0.2521 0.1259 0.3436 
1.0000
71.4644 24.6920 -18.0386 
0.6477 0.3358 -0.0557 
1.0000
-0.4266 81.9508 -113.9767 
-0.7338 0.3503 -0.2997 
1.0000
57.8162 11.7605 23.5600 
1.3063 0.7443 -0.5955 
1.0000
2.6381 74.2526 34.1619 
0.9620 0.5407 0.9945 
3.0000
-63.9681 -75.9184 108.7914 
-1.5187 -0.5411 1.1235 
7.0000
-136.2394 69.1251 765.0748 
-2.5581 0.8377 12.0778 
3.0000
15.6576 17.3376 25.2693 
-0.2528 0.1261 0.3431 
6.0000
162.5386 -42.5411 146.2891 
1.3096 -0.8258 1.2136 
7.0000
15.6576 17.3376 25.2693 
-0.2525 0.1262 0.3437 
6.0000
-3.8568 7.5183 6.2665 
1.6822 -1.4912 -0.0304 
8.0000
120.1393 -276.3765 297.2831 
1.2804 -3.6494 3.4274 
7.0000
15.6576 17.3376 25.2693 
-0.2526 0.1259 0.3435 
7.0000
15.6576 17.3376 25.2693 
-0.2521 0.1260 0.3437 
9.0000
15.6576 17.3376 25.2693 
-0.2524 0.1261 0.3436 
6.0000
284.4082 518.6655 -1477.4485 
3.8741 7.3512 -22.0187 
4.0000
-46.8899 53.5186 176.1968 
-0.5364 0.2276 1.3479 
7.0000
-401.4729 -289.9701 323.0335 
-7.6880 -5.5796 5.4790 
3.0000
-74.4540 664.5636 690.1386 
-1.3339 9.2136 9.5201 
9.0000
15.6576 17.3376 25.2693 
-0.2526 0.1263 0.3436 
2.0000
-9.1445 -202.3292 596.9921 
-0.4326 -3.2615 8.4503 
7.0000
15.6576 17.3376 25.2693 
-0.2523 0.1262 0.3439 
7.0000
489.5593 -561.7071 478.6547 
8.3683 -10.2472 8.0930 
9.0000
15.6576 17.3376 25.2693 
-0.2525 0.1259 0.3438 
1.0000
49.9233 59.3573 -8.7728 
-0.2307 0.2388 0.5387 
2.0000
3.6300 15.7364 -19.3039 
-0.4228 1.2895 -1.4611 
2.0000
118.7789 -92.8296 -92.4861 
1.4705 -1.3089 -1.7937 
8.0000
-512.4125 350.3877 66.5174 
-7.3433 4.5688 0.6207 
1.0000
692.5372 739.3651 844.8191 
9.6668 10.3558 11.8527 
4.0000
-102.8870 111.7353 -138.6738 
-0.7668 1.1722 -1.2256 
3.0000
-350.1061 26.7583 -525.0586 
-3.9250 0.2226 -5.7399 
1.0000
511.4172 127.9315 -454.0672 
5.1906 1.0887 -4.9849 
2.0000
-892.7018 1019.7157 -623.6188 
-12.7700 13.9948 -9.0147 
3.0000
-198.8224 -76.7347 437.6032 
-3.2007 -1.1929 5.9998 
2.0000
14.8632 19.4159 27.7431 
-3.9424 1.9268 3.2735 
9.0000
-390.7214 305.6066 -140.7081 
-4.1838 2.8240 -1.5971 
4.0000
6.0911 12.6224 22.6529 
-2.2851 -3.0632 -1.9746 
6.0000
-345.6096 -497.7066 -121.2977 
-5.1435 -7.2488 -1.9663 
3.0000
53.9691 38.8481 17.6567 
2.6933 1.5618 -0.6744 
7.0000
15.6576 17.3376 25.2693 
-0.2525 0.1259 0.3439 
1.0000
18.5979 -359.6203 -63.9068 
-0.0478 -5.8473 -1.3293 
8.0000
-434.2763 35.7052 -67.0859 
-6.6901 0.2732 -1.3275 
3.0000
-87.1323 -62.6577 -238.1323 
-3.1255 -2.3961 -7.8030 
8.0000
15.6576 17.3376 25.2693 
-0.2524 0.1261 0.3437 
3.0000
-10.2940 5.7800 45.3067 
1.7684 0.0742 0.6607 
9.0000
15.6576 17.3376 25.2693 
-0.2525 0.1261 0.3438 
2.0000
15.6576 17.3376 25.2693 
-0.2522 0.1260 0.3433 
7.0000
-48.6279 527.6057 -802.1354 
-0.9983 7.3177 -11.8289 
6.0000
15.6576 17.3376 25.2693 
-0.2522 0.1262 0.3436 
2.0000
922.1894 641.8165 -423.7207 
14.7166 10.1713 -7.3211 
6.0000
-96.3499 114.0800 -135.4650 
-0.8564 0.4582 -0.6501 
5.0000
488.7701 -195.8989 -484.5845 
4.9822 -2.2505 -5.3255 
7.0000
166.0469 -728.3023 441.6918 
3.6599 -18.5251 10.4333 
1.0000
-19.5810 -26.9668 -1.4909 
0.7931 0.5255 0.2040 
5.0000
-223.2455 157.4857 -96.3862 
-2.0446 1.2839 -0.9070 
7.0000
-511.0194 15.4295 -589.1174 
-5.6759 0.0043 -6.5156 
