1 125 0.01 100
2
0 0 0
0 0 0
8
10 0 0
0 0 0
1
20 0 0
0 0 0
8
30 0 0
0 0 0
6
40 0 0
0 0 0
8
0 10 0
0 0 0
2
10 10 0
0 0 0
4
20 10 0
0 0 0
7
30 10 0
0 0 0
2
40 10 0
0 0 0
6
0 20 0
0 0 0
5
10 20 0
0 0 0
6
20 20 0
0 0 0
8
30 20 0
0 0 0
6
40 20 0
0 0 0
5
0 30 0
0 0 0
7
10 30 0
0 0 0
1
20 30 0
0 0 0
8
30 30 0
0 0 0
2
40 30 0
0 0 0
9
0 40 0
0 0 0
9
10 40 0
0 0 0
7
20 40 0
0 0 0
7
30 40 0
0 0 0
9
40 40 0
0 0 0
9
0 0 10
0 0 0
9
10 0 10
0 0 0
5
20 0 10
0 0 0
2
30 0 10
0 0 0
2
40 0 10
0 0 0
6
0 10 10
0 0 0
1
10 10 10
0 0 0
1
20 10 10
0 0 0
4
30 10 10
0 0 0
6
40 10 10
0 0 0
4
0 20 10
0 0 0
2
10 20 10
0 0 0
8
20 20 10
0 0 0
5
30 20 10
0 0 0
8
40 20 10
0 0 0
7
0 30 10
0 0 0
1
10 30 10
0 0 0
1
20 30 10
0 0 0
3
30 30 10
0 0 0
6
40 30 10
0 0 0
5
0 40 10
0 0 0
6
10 40 10
0 0 0
3
20 40 10
0 0 0
3
30 40 10
0 0 0
4
40 40 10
0 0 0
3
0 0 20
0 0 0
2
10 0 20
0 0 0
2
20 0 20
0 0 0
9
30 0 20
0 0 0
9
40 0 20
0 0 0
1
0 10 20
0 0 0
6
10 10 20
0 0 0
6
20 10 20
0 0 0
5
30 10 20
0 0 0
5
40 10 20
0 0 0
7
0 20 20
0 0 0
1
10 20 20
0 0 0
6
20 20 20
0 0 0
7
30 20 20
0 0 0
3
40 20 20
0 0 0
9
0 30 20
0 0 0
8
10 30 20
0 0 0
4
20 30 20
0 0 0
5
30 30 20
0 0 0
3
40 30 20
0 0 0
1
0 40 20
0 0 0
1
10 40 20
0 0 0
1
20 40 20
0 0 0
1
30 40 20
0 0 0
3
40 40 20
0 0 0
7
0 0 30
0 0 0
3
10 0 30
0 0 0
6
20 0 30
0 0 0
7
30 0 30
0 0 0
6
40 0 30
0 0 0
8
0 10 30
0 0 0
7
10 10 30
0 0 0
7
20 10 30
0 0 0
9
30 10 30
0 0 0
6
40 10 30
0 0 0
4
0 20 30
0 0 0
7
10 20 30
0 0 0
3
20 20 30
0 0 0
9
30 20 30
0 0 0
2
40 20 30
0 0 0
7
0 30 30
0 0 0
7
10 30 30
0 0 0
9
20 30 30
0 0 0
1
30 30 30
0 0 0
2
40 30 30
0 0 0
2
0 40 30
0 0 0
8
10 40 30
0 0 0
1
20 40 30
0 0 0
4
30 40 30
0 0 0
3
40 40 30
0 0 0
1
0 0 40
0 0 0
2
10 0 40
0 0 0
3
20 0 40
0 0 0
2
30 0 40
0 0 0
9
40 0 40
0 0 0
4
0 10 40
0 0 0
6
10 10 40
0 0 0
3
20 10 40
0 0 0
7
30 10 40
0 0 0
1
40 10 40
0 0 0
8
0 20 40
0 0 0
3
10 20 40
0 0 0
8
20 20 40
0 0 0
3
30 20 40
0 0 0
9
40 20 40
0 0 0
2
0 30 40
0 0 0
7
10 30 40
0 0 0
6
20 30 40
0 0 0
2
30 30 40
0 0 0
6
40 30 40
0 0 0
5
0 40 40
0 0 0
7
10 40 40
0 0 0
1
20 40 40
0 0 0
5
30 40 40
0 0 0
7
40 40 40
0 0 0
